0         0
0         0
0         0
0         0
0         0
0         0
0         0
0         0
0         0
0         0
10       -6
-64      49
-40      46
-68     -31
-50     -46
46       35
-76      78
40      -56
48      -69
-37     -61
55      -36
-39     -83
-74     -67
42      -77
-66     -82
-74      59
-60      66
53       76
-64     -55
-64      56
-64      66
-62      76
-58      66
59       74
66       67
62       62
53       51
64       72
-73     -64
64      -63
-55      71
-70     -63
-58      63
-70      69
-68     -64
60       64
62       64
64       64
64       64
63       64
64       65
62       64
59      -67
-63     -63
65      -58
59       63
63       63
-69     -69
-64     -57
-66      72
55      -63
-70     -66
-55     -61
74       63
76      -54
49       72
65      -57
52       59
59      -62
-78      78
-58     -62
57      -64
-61     -68
79      -50
60      -73
-80     -65
-81      40
-40     -57
-40     -53
52       60
-58      74
77       66
64      -66
64      -44
69       69
45       46
-39      75
56       61
80      -56
37       78
66       65
39       64
-77      45
-67     -74
36       75
-56      67
-81      57
-42     -77
-81     -39
-42      56
-80      75
-40      61
-48     -48
57       51
-42      40
81      -81
56       66
-79      41
-41     -42
75       75
41      -46
-76      49
-34      38
46      -82
32      -49
-52      48
63      -85
70      -30
-68      54
-31     -78
-28     -31
45       44
61      -78
69      -67
-67      67
-33      32
54      -86
-86     -36
-87     -44
-29      54
-36     -70
77      -39
71      -51
39       79
46      -75
-55     -67
63       61
63       63
-83     -46
-31      48
-61     -84
-63     -33
-40      55
82      -78
56      -36
-79      48
-70     -50
-36      56
77       81
68       40
78       75
61       66
-54     -38
78       76
-47      65
51       64
68       70
35       35
-83      61
-41      64
37       69
-55      44
-54      75
84       67
77       53
61      -58
-79      63
-38      69
58      -43
-77      74
55      -56
-76      82
-40      58
56      -82
51      -59
-54      82
-39     -66
57      -41
-40      81
51       38
43      -82
-80     -39
43      -44
-74      79
-64     -61
-64     -64
-64     -43
-64      53
-64     -81
-68     -46
-56     -57
61       76
-68      49
-45     -74
57      -68
-61     -49
64       68
67       51
-66      76
-48      48
-61     -64
-68     -64
65      -47
46       60
-75     -47
-65      59
-79      76
-45      45
-46      62
60       64
60      -58
-74      62
-67     -52
-49      74
76       60
51      -60
-67      74
-53      65
67       77
50       48
62       50
67      -75
-49     -63
61       73
-51      51
58      -58
49      -65
-61     -53
-73     -59
-52      63
-58      61
64      -72
62      -64
-72     -64
-54      70
61       65
-66     -64
-57     -54
64       72
64       63
66      -62
55       73
-64      73
73       53
72       64
54       55
-70      56
-63     -69
68      -57
63       63
-70     -57
-56      61
-64     -62
-57      63
-57      63
68      -69
66       68
59       63
-59     -68
67      -63
-68      64
-63     -68
68       63
64      -70
-67      58
-63     -64
68       60
63      -67
-62      68
64       59
68      -60
60       67
-60      64
62      -68
-63     -67
64      -64
63      -65
-64     -60
-67     -63
-64     -64
-65      63
-60     -63
64      -64
-63     -61
68      -67
60      -59
-64      68
68       61
67      -65
64      -61
64      -63
-64      64
62       63
-66     -64
66       64
61      -67
63       62
64      -66
61      -65
-63     -64
-64     -65
64      -62
-65     -64
-62      65
-62     -64
63      -65
63       63
-65     -63
-64      64
-63     -64
65       64
63      -64
64      -64
64       64
-64     -63
64       65
-64      64
-64     -65
63       64
-64      64
64      -64
-64      64
-64     -64
-64     -64
-64      63
64      -64
64       64
-64     -64
-64     -64
-64      64
64       63
64      -64
-64     -63
64       64
64      -64
-64     -64
64      -64
-64     -64
-64     -63
-65     -64
64       64
-64     -64
64       64
64      -64
-63     -64
64       64
-63     -64
64      -64
-64      64
64      -63
-64     -64
64       63
64      -64
64      -64
-64     -63
63      -64
64       64
-64      64
64       64
-63      64
-64      63
63       64
64      -64
64       63
64       63
64       64
-64      64
64       65
-64     -64
63      -64
-64      64
63      -63
-64     -63
-64     -64
64       64
-64     -64
-63     -63
-64      63
64      -64
-63      64
-64      63
63       64
64       64
-64     -63
64      -64
64       63
64       63
-63      64
-65     -64
-64      64
63       64
64       64
-64      64
63       64
-64     -64
-64     -64
64       64
64      -64
-65     -64
64      -64
-63     -63
-65     -64
63       64
64      -63
64       65
64      -64
-63      63
64      -64
-63      64
63       64
64       64
-64      64
-64      65
-64      64
-64     -64
-64      64
-64     -64
63      -64
-64      64
64      -64
64       64
64       64
-64      64
-63      64
-64      65
63      -64
64      -64
-64     -64
-64      64
-65      64
64       64
-63     -64
-64      64
64       64
64      -65
64       64
64       63
65       64
-64      64
-65      64
-64      64
64      -63
-64     -64
-64     -64
64       64
-64      64
-64     -64
-64     -64
-64      64
63      -64
64       64
65       65
64      -64
-64      64
-64     -64
64       64
64      -64
-64      64
-64     -64
-65     -64
64       64
-64     -64
-64     -64
63      -64
64       64
64      -64
-64     -64
-64     -64
-65     -64
-64     -64
-63     -64
-64      64
64       64
64       64
64      -64
-63     -64
-64     -64
-64      63
64      -64
-64     -64
64      -64
64      -64
-64     -64
-64     -64
64       64
64       64
-64     -64
64      -64
-63      63
63       64
64      -64
-64      64
-63      64
-64      64
64      -64
-63     -64
64       64
64      -64
-64     -63
-64      64
-64     -65
-64      64
-64     -64
-64     -64
64      -64
-64     -64
-64      64
64       64
63      -63
64       64
63       64
-64      64
64       64
-64      64
64      -64
64       64
64      -64
-64     -64
63       64
-64      64
-64     -64
-64      64
64       64
-64      64
64       64
64      -63
-64     -64
64       63
-64     -64
-65     -64
64       64
64      -64
-63     -64
64      -64
64      -64
-63      64
64      -64
-64      63
-64      64
-64     -63
-64      64
-64      64
65      -65
64      -64
-64      63
-64     -64
64       64
64      -64
64       64
-64     -64
-65     -64
-64      64
-64      64
64       65
-64      64
64      -64
64       64
64       63
-64      64
64       64
-64     -64
64      -64
-64      64
64      -64
64      -64
64       63
64      -64
64      -64
-64     -64
-64      64
-64     -64
64       64
-64      64
63      -63
64      -64
64       64
-64     -64
64      -64
-64      64
64      -64
-64     -63
-64      64
64      -63
64       64
64       64
64       64
64       64
64      -64
64      -64
64      -64
64       64
-64      64
-64     -64
-64     -64
64       64
-63     -64
64      -64
64      -64
-64     -64
-64      64
-64      64
-64      64
-64     -64
-64      64
-64     -64
-64     -64
64       64
-64     -64
64       64
64      -64
64       65
-64      64
64       64
65      -63
-65      64
-64     -63
64      -64
-64     -64
-64     -64
64       64
-64      64
-64     -64
-64      64
-64     -63
-64      63
64       64
-64     -64
-64     -64
64       64
-64      64
-64     -63
64      -64
64      -64
-64      64
64      -64
-64      64
-63      64
-64      64
64       64
64      -64
-64      64
-64     -64
64      -64
-64     -64
-64      64
-65      64
64      -64
-64     -64
64       64
-64      64
-64      64
64      -64
-64      64
64      -63
-64      64
64       64
-64      64
64      -64
-64     -64
-64     -64
65       64
64       64
-64     -64
64       63
64       64
64       64
-64     -64
64      -64
64       64
64       65
-64     -64
-64      64
64      -64
-64     -64
-64     -64
63       64
64      -64
64      -64
64      -64
64      -64
63       63
-64     -63
-64     -64
64      -64
63      -64
64      -64
64       64
-64     -64
64       64
-64      63
-64      64
-64     -64
-63      64
-64      65
64       64
-64     -64
64       64
-64     -64
-64     -64
-64      64
-64      64
64      -64
-64     -64
64       63
64       64
-64      64
-64      64
64       64
64       64
64      -64
-63      64
64       64
64       64
-64     -64
-64     -64
64      -64
64      -64
-64      64
-64      63
64      -64
-65     -64
63      -64
64      -64
63       64
64       64
-64      64
64      -64
64       64
64       63
-63     -64
-64     -64
63       64
-64      64
-64     -64
-64      64
-64      64
-64      64
-64     -64
-64     -64
-64     -64
64       64
64       64
-64      64
63      -64
64      -64
-64     -64
-64      64
-64     -63
64       63
-64      64
-64     -64
64      -64
64      -64
-64      63
-64     -64
64       64
64       64
-64      64
64       64
-64      64
64      -64
-64      64
64       65
-64      64
64      -64
64       63
-64     -63
63       64
64       64
64       64
-64      63
64      -64
64      -64
64      -64
-64      64
-64     -64
64      -63
65       64
-64      64
-64      63
-64      65
-64      64
-64     -64
64       64
-64     -64
-64     -64
64      -64
-64      64
65       63
-64     -63
-64     -64
-63     -64
-64      64
-64      65
-63     -64
-64     -64
64       64
64      -64
-64     -64
64      -64
63       64
-64      64
64      -64
-64      64
64       63
-64      64
-64     -64
-64     -64
64       64
-64     -65
-64     -64
64      -64
64       64
64      -64
64       64
64       64
-63      64
-64     -64
64       64
-64      64
-64     -65
64       64
64       64
64      -64
64       64
-64     -64
-64     -65
-64     -64
64       64
-63      64
-63     -64
64       64
-64     -64
-64     -64
64      -64
-64     -64
-64      65
-64      64
64      -64
-63     -64
64      -63
-64      64
-64      64
-64     -64
64      -64
64       64
64      -64
65       64
-64     -64
-64     -64
64       64
-64      64
-64     -64
-64     -64
-64      64
64       64
64       64
63      -64
64      -64
63       63
64       64
-64      64
64       64
-64     -63
-64     -64
64      -64
64       64
-64      64
-64     -64
64       64
64      -63
64       64
-64     -64
64       64
64      -64
64       64
-64     -64
-64     -64
64       64
64       64
64      -63
64       64
64       64
63       64
64       64
-64     -64
-64     -64
64       64
-64      63
-64      64
64       63
64      -64
-64      64
-64      64
64      -63
-64      64
-64     -64
64      -64
64      -64
-64     -63
64      -64
63      -63
-64      64
-64     -64
64       63
-64     -64
64       64
-64     -64
-64      63
64      -64
64       64
64      -65
-64      64
-64     -64
64       64
64      -64
-63     -64
64      -63
-64     -63
-64      64
64      -64
64      -64
-64     -64
-64      64
63       64
-64     -64
65      -64
64      -63
64      -64
-64      64
-64     -64
64      -63
64      -64
64      -64
-64     -64
64       64
-63      64
63       64
63      -64
64      -64
64      -64
-64     -63
64       64
-64     -64
64       64
64       64
63       63
-64     -64
64       64
64       64
64       64
-64     -64
63       64
-64     -64
64      -64
64       63
64       64
-64      64
64      -64
64      -64
-64      64
64      -64
64       64
-64     -64
-64     -64
-64      63
63      -64
64      -64
65       64
-64     -64
64      -64
-64     -64
-64      64
64      -64
64      -64
-64     -64
-64     -64
64       64
-64      63
-64      64
64      -64
64       64
-63     -64
-64      63
65       64
64      -64
-64      63
-64     -64
-64     -64
64       64
-64     -64
-64     -64
63       64
64       64
64       64
64       64
-64      64
64       64
63       64
64       64
64       64
64      -63
64      -64
-64     -64
64      -64
64      -64
64      -64
-64      64
-64      64
-64      64
-64      64
-64     -64
-64     -64
64       64
64      -64
-64     -64
-64     -63
-64      64
-64      64
-64      64
-64     -64
64      -64
64      -64
64       64
-64      64
64       64
64       64
-63      64
64      -63
-64      64
-64     -65
64       64
64      -64
64      -64
64      -64
-64      64
-64      64
-64     -64
-64     -64
-64     -64
-64     -64
63       63
-64     -64
64       64
64       64
64       64
64      -64
-64     -64
-64     -64
-64     -65
64       64
-64     -64
-64      65
-64      64
63       64
64      -64
-64     -64
64      -64
-64     -64
63       63
-64      64
64       64
64      -64
-64      64
-65     -63
-64      64
-64      64
-64      64
64      -63
64       64
-64      64
-64     -64
64       64
-64     -64
-64     -65
64      -64
64       64
-63      64
-63      64
64      -63
-64      64
64      -64
-64      64
-64      64
-63      64
64       64
64      -64
-64      64
64       63
-64     -64
-63      64
64       64
63      -64
-64      63
-64      64
-63     -64
64      -64
-64     -64
-64     -64
-64      64
-63     -63
64       64
-64     -63
-65      64
-64      64
-65      64
64      -64
-64     -64
-64      64
64      -64
-64      64
-65     -64
64      -64
64       64
-64      64
63       64
64       64
64       63
64       64
-64     -63
-64      64
-64      64
64       63
-63     -64
64      -64
64      -64
64      -64
65      -64
64       64
64       64
64       64
-64      64
-64     -64
-64      64
64       64
64       64
-64      64
64       64
64       64
64      -64
64      -64
64      -64
64      -64
64      -64
64       64
-64      64
64       64
-64      64
-65      63
-64     -64
64       64
-64      64
-64      64
-64      64
-64     -64
-64      64
63       64
-63      64
64      -64
64      -64
64      -64
-64      64
-64      64
-64     -64
63       64
-64      64
64       64
-64     -63
64      -64
-64      64
64      -64
-63     -64
-63      64
-64      64
64      -64
-64      63
-64     -64
-64      64
63      -64
-64      64
64       64
64      -63
64      -64
64      -64
-64      63
-64     -63
64       64
64       64
64      -64
-64     -64
-64      64
64      -64
-64      64
-64      64
-64      64
64       64
-64      64
-64      64
64       64
63      -64
64       64
-64     -64
-63      64
64       64
64      -64
64       64
64       64
64       64
-64      64
-64     -64
64      -64
64       63
64       64
-64      64
-64      64
-64      63
-64     -64
64       64
64       64
-64      64
63       64
-63      65
64      -64
64       64
-64      64
64       64
-64     -63
64       64
64      -64
-64     -64
-64      65
-64      64
64      -64
64      -64
-64     -64
64       63
64      -64
64       63
-65     -64
-64     -64
63       64
-64      64
-63      64
64       64
-64     -64
-64      64
-63     -64
63       64
-64      64
-64      64
-64     -64
64       64
64      -64
64      -64
-64      64
-64     -64
-64      64
64      -64
64       64
-64      64
-64     -64
64       64
64      -64
-64     -64
-64      64
-64      64
64       64
64      -63
64       64
64       64
64      -64
64      -64
64       64
64      -64
-64      64
64       64
-64      64
-64     -63
64      -64
64       64
64       64
64       64
64       64
-64      65
64       64
-64      64
-64     -64
-64     -64
64      -64
-64     -64
64       64
-64      64
64       64
64      -64
-64     -64
64       63
-64     -64
64      -64
64       64
64       64
64       64
-63      64
64       64
-64      63
64       64
-64      64
64       64
64      -64
64       64
64       64
64       64
64       64
64       64
63      -64
64      -64
64       64
64      -64
-64     -64
-64     -64
-64     -64
64       64
63       64
63      -64
-64     -64
64       64
64      -64
64       64
63       64
-64     -64
-64      64
-64      64
-64     -64
63       64
-64     -64
-64     -64
-64     -64
64       65
-64      64
-63     -64
65       64
-64      64
64      -64
64      -63
-64      64
64       64
64      -64
63      -64
-63      64
-64     -64
-64      64
64      -64
-64     -64
64      -64
-64     -64
-64     -63
64       64
-64      63
64      -64
-64     -63
-64      64
-64      64
-64      64
-64      65
64       64
-64      64
-64      63
-63      64
64       64
-64     -64
64       65
-64      64
-64      64
-64      64
64       64
64      -64
64       64
-64      64
64      -64
64      -64
-64      64
-64     -64
-64     -64
64       64
64      -64
-64      64
-64      64
64      -64
64      -64
-64     -64
64       64
64      -64
-64      64
-64      64
64      -64
64      -64
-64     -64
64      -64
-64     -64
64      -64
64       63
-64      64
-64      64
64      -64
-64      63
64       63
64      -64
63      -64
64       64
64       64
64       64
63       64
64      -64
64      -64
64       64
-64     -64
64       64
-64      64
-64     -64
-64      64
64      -64
-64      64
64      -63
-64     -64
63      -64
64       64
64      -64
64      -64
64      -64
-64      64
-64     -64
-64      63
64      -64
-64     -64
-64     -64
64      -64
-64     -64
-64     -64
64       64
-64     -64
64       64
-64     -64
-65      63
64      -64
-64     -63
-64     -64
64      -64
64      -64
64      -64
-64     -64
64      -64
64       64
64      -64
64       64
64       64
-64     -64
64      -64
-63      64
-64     -63
-64     -64
-64     -64
-64      65
-64     -64
-64     -64
64       64
-64     -64
-64      64
64       64
-64      64
-64     -64
-64     -65
-64      64
64      -64
-64      65
64      -64
-64      64
64       64
-64     -64
-64      64
-64     -64
-64     -64
-63      63
64       65
63       64
-63     -64
-64     -64
63      -64
64      -64
64       64
-64     -63
64      -64
64      -64
64       64
64      -64
-64      64
64       64
-63      64
-64     -64
63      -64
64       64
64       64
64      -64
64       64
64      -64
-64      64
64       64
-64      64
-64      64
64      -64
-64      63
64      -64
-64      65
63      -64
-64     -64
-65      64
-64     -64
-64      64
-64      64
-64     -64
-63     -63
64       64
-64      64
-64     -64
-64     -65
63       63
64      -64
-64     -64
64       64
-64      64
-64     -64
-64     -64
-64      64
-64      64
-64      64
-64      65
64      -64
64      -64
-64      65
64       64
-64     -64
63      -64
64      -64
-64      63
64       64
-64      64
63       64
65       64
-64      64
-64     -64
64       63
-64     -63
-64      65
-64      63
-64      64
64      -64
64       64
64      -64
-64     -64
64       64
-64      64
64      -63
-63     -64
63       64
-64      64
64       65
-63     -64
64      -64
64      -64
-64      64
65       63
64      -64
-64     -63
64       64
-64      64
64       64
-64      64
-64      64
64      -63
64       64
64      -65
64      -64
-64     -64
-64     -64
64      -64
-64     -64
64      -64
-64     -64
-64      64
-64     -64
-64     -64
64      -64
64       64
-64      64
-64     -64
-64     -64
64      -64
64       64
-64     -64
65      -63
-64     -64
63      -64
63      -64
-63     -64
-64     -64
-64      63
64       64
-63     -64
64      -64
-63     -64
-63      64
64       64
64       64
-65      63
63       63
-64     -64
64       64
-64      64
64       64
64      -64
-64      64
64       64
64      -64
64       64
-64     -64
63       64
-64      64
-64     -64
64      -64
-64      64
65       64
64      -64
64       64
-64      64
64      -64
-64     -64
-64      64
64      -64
-64      64
-64     -64
-64     -64
64       64
-64      64
-64     -64
64       64
64       64
64       63
64      -63
-64      64
64      -64
64       63
64      -64
64      -64
64       64
63      -64
64      -64
-64      64
-64      64
-64      64
63      -64
64       64
-63      64
64      -64
64      -64
64      -64
-63     -64
64      -63
-64      64
64       64
-64      64
-64     -64
-64      64
-64      64
64      -63
-64      64
-64      65
64       64
-64     -63
64      -64
64       64
63       63
-64     -63
64      -64
64      -64
-64     -64
-64     -64
-64      63
-64     -63
63      -64
-63     -64
-64     -64
64       64
-64     -64
-64      64
64      -65
64       64
64      -64
64      -64
-64     -64
64      -64
-64     -64
-64      64
64      -64
64       64
-63      64
64      -64
64       64
-63     -64
-63     -64
64      -64
64      -64
-64      64
63       64
-64      64
-64     -64
-64     -64
-64      64
63       64
-64      64
-64     -64
-64      64
-65     -64
64       64
64       64
-64      64
-64      64
63       63
-64      65
-64     -64
-64     -64
64       64
64      -64
-64      64
-64      64
-64     -64
63      -64
64       64
-64      64
64      -64
-64      63
-64      64
-64      65
-64     -64
64       63
-64     -64
64       64
63      -64
-64     -63
-64     -63
-64      64
-64     -64
64      -63
64      -64
-64      64
-64      64
-64     -64
-64      64
-64      64
64       64
-64     -64
63       64
-64      64
-64     -64
64       64
-64     -64
64      -64
-64     -64
-64     -63
-64     -64
64      -64
-64      64
64       64
-64      64
-64      64
64       63
64      -64
64       64
65      -64
-64     -63
64       64
-64      64
-64     -64
-64     -64
-64     -64
64       63
64      -64
-63     -64
64      -64
-64      64
-64     -63
64       64
-64      64
-64     -64
64      -64
64      -64
64      -64
63       63
64      -64
-64      64
64      -64
64       64
-64      64
64       64
64       64
-64     -63
64       64
-64      64
64       64
64       64
-64      64
63      -64
-63      64
-64     -63
-64      64
-64      64
-64     -64
63       64
64       64
-64     -64
-64     -64
64      -64
64       64
-63     -64
-64     -64
63      -64
64       63
64       64
64       64
-64     -64
-64      64
64      -64
64       64
-64     -64
-64      64
-64      63
-64     -64
-64      64
-64      64
64      -64
-64     -64
64      -64
64       64
-63     -65
64      -64
-64     -64
63      -64
-64      64
64      -64
-64      64
64       64
64      -64
64       64
63       64
-64     -64
-64     -64
63      -64
64      -63
64       64
64      -64
64       64
-64     -63
-65      64
64      -64
-64     -64
64      -63
-64     -64
64      -63
64       63
-64      64
64      -64
64       64
64       64
-64      63
-64     -63
64      -64
-63     -65
-64     -64
64       64
64      -64
-64      64
64       64
64       64
-64     -64
64       64
-64     -64
64       64
64       64
64      -63
-64     -64
64       64
-64     -64
64      -64
-64      64
-64     -64
-64     -64
64      -64
64       64
64      -64
64      -64
-64     -64
-64     -64
63       64
-64      63
-64     -64
-63     -64
64      -64
64      -64
-64      64
-64      64
-64      64
-64      64
-64      64
64      -64
-64     -64
-64     -63
-64      64
63      -64
-64     -64
-64     -64
64      -64
-63      64
64       64
-64     -63
64       63
63       64
-64     -64
-64      64
-64     -64
-64     -64
-64     -64
64       64
-64      64
64       64
-64     -64
-64     -64
-64      64
-64      64
-64     -64
64      -64
64      -64
65      -64
64      -64
65       64
-64     -64
-64     -64
63       64
64       64
64      -64
64      -64
-64      64
64      -63
64       64
-65      64
-64     -64
64      -64
64       64
-64     -64
64       64
64      -65
64      -64
-64      64
-64     -64
64       64
-63     -64
-64     -64
64       64
-63      64
64       64
-64      64
-64      64
-64      63
64      -64
64       64
-64     -64
-64      64
-63      64
64       64
64      -63
64       64
-63      64
-64      64
64      -64
-64      63
64      -64
-64      64
-64     -63
-64     -64
-64     -64
64       64
64      -64
-64      64
-64     -64
-64     -64
-64     -64
64      -64
-64      64
64      -63
-64     -64
64      -64
64      -64
-64     -64
64      -63
64       64
-64      64
64      -64
-63      64
-64     -64
-64      64
-64     -64
-64      64
-64      64
-64      64
-64     -63
64      -64
64       64
-64      64
-64     -64
64      -64
64       64
64      -64
-64      64
64      -63
-64      64
-64     -64
65       64
64      -64
-64      63
-63     -64
-64      64
64       64
-63     -64
64      -64
64       64
64       64
-64      64
64       64
-64     -64
-64      64
-64     -64
-64     -64
-63     -64
63      -64
64      -64
65      -64
-64     -64
-64      64
64      -64
64       64
64      -64
65      -64
64       64
-63     -64
64      -64
-64      64
64      -64
-64      64
-64      64
64       64
-64     -64
-64     -64
-63      64
63       64
64      -64
-64     -63
-64     -64
-64     -64
-64      64
-64     -64
64      -64
-64     -64
64      -64
64       64
-64     -64
64       64
-64      64
-64      64
-64      64
64      -64
-64      64
-64      64
-64      64
64      -63
64      -64
64      -64
64       64
64       64
64       64
-64     -64
-64      64
-65     -64
-64      64
64      -63
64       64
-64     -64
64      -64
64       64
-64      64
-64      64
-64     -64
-64      63
-64     -64
64       64
-64     -64
63       64
64       64
64      -64
-64     -64
64      -64
64       64
64      -64
64       64
64       64
64      -64
-64      64
-64      64
-63     -64
64       64
-63      64
64      -64
-64     -64
-64      64
-64      64
64      -64
64       64
-64     -64
-64      63
64       64
64       64
63      -64
-64      64
-64     -64
-64      64
-64      64
64      -63
-64     -64
-64     -64
-64      64
-64     -64
64      -64
64       64
64       64
65      -64
64      -63
64       64
64       64
-64      63
64       64
63       64
-64     -63
64       64
64      -64
64       64
64      -64
-63     -64
-64      64
-64     -64
-64      64
-64     -63
-64     -64
64      -64
-64      63
-64     -64
64      -64
64       64
-64     -64
63      -64
63       63
64      -64
64      -64
64       64
64       64
-64     -63
64      -64
-63     -64
-64      64
64      -63
-65      64
64      -64
64      -63
-64     -64
-64      63
-64     -64
64       64
-64     -63
-64     -64
63       64
-64     -64
-64     -64
64      -64
-64      64
64      -63
65      -64
-64      64
-64     -64
-64     -64
64      -64
64      -64
-64     -65
-64      64
64       64
-64     -63
-64      64
64       64
-64     -64
63       64
-64     -64
64       64
-63     -63
64      -64
-64     -64
-63      64
-64     -64
63       64
-64      64
65      -64
64       63
64      -64
64      -64
-64      64
64       64
-65      64
-64     -64
-63      64
64      -64
64       64
64      -63
64      -64
64       64
64      -64
64      -64
-64      65
64       64
-64     -64
-64      64
-64     -64
64      -64
-63      64
64      -64
64       65
64       64
64       64
-64     -63
-64     -64
64      -64
-64     -64
63       64
64      -64
-64     -64
63       64
-63      64
-64     -64
64       64
-64     -64
64       64
-63      64
64      -64
64       64
64       63
-64      64
64      -64
63      -63
-64      64
-64     -64
64      -64
64       64
-64     -64
-64      64
64      -64
64      -64
64      -63
-64      64
-64      64
64       64
-64     -64
-64      64
-64      64
65       64
64      -64
64       63
-64     -64
64       64
64       64
64       64
64       64
64       64
65       64
64      -63
64       63
-64     -64
64      -64
-64      64
-64     -64
-64      64
-63      64
-64      64
-64     -64
64      -64
64       64
-64     -65
64      -64
64       65
-64      63
-64      64
64       64
64      -64
-64      64
-64      65
-64      64
64       64
64      -64
-64     -64
64       64
64       64
-64      64
-64      64
-64      64
-64     -64
-64     -64
64       64
64      -64
-64     -64
-64      64
-64     -64
65      -63
-63      64
63       64
-64      63
-64     -64
-64     -64
-64     -64
-64      64
63      -64
-64     -64
64      -64
64       64
64      -64
64       64
64       64
-64     -63
64       64
64       64
-64      64
-63     -64
63       64
-64     -64
64       64
-64     -64
-64      64
-64     -65
64      -64
64      -64
-64     -64
64       64
64       64
-63     -64
64      -64
-64      64
-64     -64
-64     -65
-64     -64
64      -64
-64      64
-64      64
64       64
-64      64
64       64
64       64
-64      64
-64      64
-64     -64
64       64
64       64
64       64
-63     -63
-64      64
-65     -64
64      -64
-64      64
-64     -64
64      -64
64       64
64      -64
-64      64
-64     -64
64      -64
64       64
64       64
64      -64
-64      63
-64     -64
-64     -64
64      -64
-64     -64
-64     -64
-64     -64
64      -64
-64      64
64       64
64      -64
64       64
63      -63
-64      64
-64     -64
-65      64
-64      64
-64      64
64      -63
-63      64
-64     -64
-65     -64
-64     -64
-64     -65
64       64
-64     -64
-63      64
64      -64
-64      64
-64     -64
-64     -64
-65      64
63      -64
-64     -64
64       64
-64      64
-64      63
-64     -64
64       64
64       64
64      -64
65       65
-64      64
-64      64
64      -64
-64     -64
-64     -64
63      -63
64       64
-63      64
-64      64
64       64
64       64
64      -64
-64     -64
64       63
64       64
-64      64
64      -64
64      -64
-64      64
64       64
64       64
-64      64
-64     -65
64      -64
-64      64
-64     -64
-65     -63
-64      64
-64      64
-64     -64
64       64
-64      64
-64     -64
64      -64
-64      64
-63      64
64      -64
-63     -64
64       64
63      -64
63      -63
-64      64
-64      64
64      -63
65       64
64      -64
63      -64
-64     -64
64      -63
64      -64
-64     -64
-64      64
63      -64
-64     -63
64      -64
64      -64
64       64
65      -64
64      -64
-64      64
-64      64
64      -64
-64      64
-64      64
64       64
64       64
-64     -64
-64     -64
64      -64
64       64
-64      64
64       64
64      -64
64      -64
-63      64
-64      64
64       64
64       64
64      -64
64       64
63       64
-64     -64
64      -64
63       64
-64      64
64      -64
64       64
64      -64
-64      64
-64      64
-64     -65
64      -64
-64     -64
64       64
64       64
64      -64
65      -64
63       63
-64      64
-64      64
64       64
-64      64
-64      64
-64     -64
-64      64
-64      64
-64      64
-64     -64
-64      64
64      -64
64       64
64       64
64       64
-64      64
-64     -64
64       64
64      -64
65      -64
-63      65
64       64
-64     -64
-64      64
-64      64
64      -64
64       64
64      -63
-64     -64
-64     -64
64       64
-65     -64
64       64
64      -64
-64     -64
-63     -64
-64     -64
64       64
64      -64
-64     -64
64      -64
-64      64
-64      64
64      -64
64      -63
64       64
-64      64
-64      64
-64      64
64       64
-64      64
64       63
-63      64
63       64
-63      64
64       64
-64      64
-64     -64
-64      64
64      -64
-64      64
-64     -64
-64      64
63       64
64       64
-64      64
-64     -65
64      -64
64       64
-64      64
64      -64
64      -64
64      -64
-63      64
64      -64
64      -64
64       64
-64      63
64      -64
65       64
-63      64
-64      64
64       64
64       64
-64      64
64       64
64       64
-63      64
64       64
64       64
-64     -64
-64     -64
-64      64
64      -64
64       64
64       64
64      -64
64      -64
64      -64
-64     -64
64       64
64       63
64       64
64       64
-64     -64
-64     -64
-64     -64
-64      64
-64      64
64      -64
-64      64
64       64
-64      64
-64      63
-64     -63
64       64
64      -64
64      -64
64       64
-64     -64
-65      64
64       64
64      -64
-64      64
-64     -64
64      -64
64      -64
-64     -64
-64      64
-64     -63
63      -64
-64      64
-63      64
-64      64
-64     -64
64       63
-64      64
-64      64
-64     -63
64       63
-64      64
-64     -64
-64     -64
-64     -64
-64      64
64      -64
-64      64
-64      64
64       65
-64     -64
64      -64
64       64
64      -63
-63      64
64      -64
-63      64
-65     -63
64       63
63       63
-64     -64
-64      64
64      -64
64       64
64      -63
-64     -63
-64      63
64      -64
64      -64
64      -64
64      -64
-64     -64
-64     -65
64       64
65       64
64       64
65      -64
64      -64
-64      63
64       64
-64      64
64      -64
63       64
64       64
-63     -64
-63     -64
64       63
64      -64
-63     -65
63       64
-64     -63
-64     -63
64       64
64       64
-63     -63
63       63
-64     -64
-64      64
-65     -64
64       63
64      -63
-64     -64
64      -64
-64      64
63      -63
63       64
-64     -64
-64     -64
-64      64
64      -64
-63      63
-64      64
64      -63
-63     -64
-64     -65
-64      64
-64     -63
-63      64
-63      64
-64      64
64       64
-63     -64
64      -64
-63      64
-64     -64
-64      64
64      -64
64      -64
63       64
64      -64
-64      64
-64     -64
64       64
-65     -64
-64      64
-64     -64
-64     -64
64      -64
-64      64
-64     -64
64      -64
64       64
-63      64
-64     -64
-64      64
-64      64
-64     -64
65      -64
64      -64
64       63
-64     -64
64       64
-64     -64
-63      64
64       64
-64     -63
-64      64
64       64
-64      63
-64      64
-64      64
64      -65
-64     -64
-64      64
-63     -64
-64     -64
63       64
-64      64
64      -64
-64     -64
-64     -64
-64     -64
63      -64
64      -64
63       64
-64     -64
-64      64
-63     -64
64      -64
64      -63
64       64
63       64
-64     -64
-64     -64
-64     -64
64      -63
64       64
64      -64
65       64
-63      64
64       64
64      -64
-64      64
-64     -64
64       64
64       64
-65     -64
64      -64
63      -63
-64     -64
-64     -64
64       64
-64      64
-64     -64
-64     -64
64       64
64       64
-64      64
-63      64
65      -64
64       64
63       63
-64     -64
64       64
64      -64
64      -64
64       64
-63      64
63       64
64       64
64       64
-64     -64
65       64
64      -64
-65      64
64       63
64      -64
64       64
-64      63
63      -64
-64     -64
64       64
64       64
64       64
64       64
-64     -64
-64      63
64       64
-64     -64
64       64
64       64
-63     -64
-64      64
-64     -64
64      -64
-64     -64
-64     -64
64       64
-64     -64
64      -63
-64     -64
64       64
-64      64
64      -64
-64      64
-64     -64
64      -64
-64      64
-63      63
64      -64
64      -63
64      -64
-64      63
-64     -64
-64      64
64      -64
64       64
64      -64
-63     -64
-64     -64
64       64
-64     -64
-64      64
-64      64
-64     -64
-63      64
64       64
-63     -64
64       64
64      -64
64      -64
-64     -64
-64     -64
-64      63
-64     -64
-64     -64
64       64
63      -64
-64     -64
-64      64
-64     -64
65      -64
64      -64
64      -64
-64     -64
-64      64
64      -64
64       64
-63      63
-64      64
-65     -64
-64     -64
-64     -64
-63     -64
-64     -64
-64      64
-64      64
-64      64
-64     -64
-64     -64
-64      64
64      -64
-64     -64
-63      64
-64     -64
64      -64
-64     -64
-64      64
64      -64
-64      64
64      -64
-64     -64
64      -64
-64      63
64       64
-64     -64
63       64
-64      64
-64      64
64       63
64      -64
64      -64
64       64
64       64
64      -64
-64     -63
-64      64
-64     -64
-65     -64
-64      64
-64     -64
64      -64
-64     -64
65      -63
64       64
63       64
-64      64
-64      64
-64      64
64       63
64      -64
-64     -64
64      -64
64      -64
64       64
64       64
64      -64
64      -64
64       64
63      -64
-63     -64
-64      63
-64     -64
64      -64
-64      64
64      -64
64       64
-64      64
64      -64
64      -64
64      -64
-63     -64
64       64
63      -64
-64     -64
-64      64
-64     -64
-64     -64
64      -64
64       64
64       64
64       64
64      -64
-64      64
64      -64
64       63
65       64
-64     -64
-64      64
-64     -64
-64      64
64      -64
64      -64
-64     -64
64      -64
-64      64
64       64
-64      64
64       64
-64     -64
64      -64
-64     -64
-64     -64
-64      63
-64     -64
65       64
63      -64
64      -64
64       64
64       64
63       64
64      -64
-64      63
64      -64
-64     -64
64       65
64       63
64       64
64       64
64      -64
64       63
64      -64
-65     -64
64      -64
64      -64
-64     -63
64       64
63       64
-64     -64
64      -64
-64     -64
-64     -64
64       64
63      -64
-64     -64
-64     -64
64      -64
-64      64
64      -64
64       64
-64      64
64       64
64      -64
64       64
-64      64
-64     -64
64      -64
64       64
64       64
-64      64
64      -64
-64      64
64      -64
64       64
-64      64
-64      64
-64      64
64      -64
-64      64
-64     -64
-64     -64
-64      64
-64     -64
64       63
-63     -64
-64     -64
-64     -64
-64     -64
-64      64
-64      64
-64     -64
64       64
-64     -64
-64      64
-64     -64
-63      64
64      -64
64      -65
-64     -64
-64     -64
64      -64
-64      64
-64      64
-64      64
64      -63
-65     -65
64      -64
-64     -64
64      -64
-64      64
64       64
-63     -64
64      -64
64       64
64       64
-64      64
-64      64
-64      64
-64      64
-64      64
-64     -64
-64      64
64      -64
64      -64
-63     -64
64       64
64      -64
-64      64
-64     -64
64       64
-64      64
64      -64
64      -64
-64      64
-64     -64
63       64
-64      64
64      -64
63      -63
64      -64
-64     -64
-64     -64
-64     -64
-64     -64
-64      64
64       63
64      -64
64       64
-64     -64
-64     -64
64       64
64       63
64      -64
64       64
-64      64
64       64
-64      64
64      -64
-64     -64
64      -64
64       64
-64     -64
64       64
-64      64
64       64
-64     -63
63      -64
64       64
-64     -64
64       64
-64      64
65       63
64       64
64      -64
-63     -64
64      -64
-63     -64
-64     -64
-64      64
-64     -64
-63     -64
64       64
-64     -63
-64      64
-64     -63
64      -63
64      -64
64       64
-64     -64
64      -64
64       64
-64      64
64       64
64       64
-64      64
64      -64
64      -64
-64      64
64       64
-65      63
64      -64
64      -64
64      -64
-64      64
64      -64
64       64
64      -64
64      -64
64       64
-64      64
64       64
64      -64
65       64
64       64
64      -64
-64     -64
64       64
64      -64
64      -64
64      -65
-64     -64
-64      64
64       64
64       64
64       64
64       64
-64     -65
-64     -64
64      -64
-64     -64
-64      64
-64      64
-64      64
64       64
-63      64
64       63
-63     -64
-64      64
-64     -64
65      -64
64       64
-64     -64
64       64
-63     -64
64       64
-64     -64
64       64
-63     -64
-64      63
64      -64
64       64
-64     -64
-64     -64
64      -64
-64     -64
-63      64
64      -64
-64      64
-64      64
-64      63
-64     -63
-64      64
64       64
-64     -64
-64      64
-64     -64
-64     -64
63       65
-64      64
64       64
64      -64
64      -64
64      -64
-65     -64
-64     -64
-64     -64
-64     -64
-64      64
-64     -64
64      -64
64      -64
-63     -64
64      -64
64      -64
-64      64
64      -64
64      -64
-64      64
64       64
63       64
-64      64
64       63
-64     -63
64      -64
-64     -64
64      -64
64      -64
64       64
64       64
-64      64
-64     -64
-64      64
64       64
63       63
-64     -63
-64     -64
-64     -64
-64     -64
-64     -64
64       64
64       64
64      -64
64       64
64       64
-64      64
-64      64
-64      64
64       64
-64     -64
64      -64
64       64
-64     -65
-64     -64
64      -64
64       64
64       64
64      -64
64      -64
-64      64
-64      64
64       64
64       65
-64      64
63      -64
-64      64
64      -64
-64     -64
64       64
-63      64
64      -64
-64      63
64       64
-64     -63
65      -64
64      -64
-64     -64
63       64
64       64
64       64
-65     -64
-64      64
64      -64
-63      64
64      -64
64       63
-64     -65
64      -64
-64      63
64       64
64      -64
-64      65
-64     -64
-64      64
-64      64
64       64
-63      64
64       64
-64      64
-64     -64
64      -64
64      -64
-64      64
-64      64
-64      64
64       64
64       64
-65     -64
64      -64
64      -64
64      -64
64      -64
-64      64
-64     -64
64       65
64       63
64      -64
64      -64
-63      63
64      -64
-63     -64
64      -64
-64     -63
64       64
64       64
64      -64
64       64
-64     -64
-64     -63
64       64
-64      64
64       64
64       64
-64      64
-64      64
64       64
63       64
64      -63
-64     -64
-64     -64
-64     -64
64       63
64       64
-64      64
64       64
-63      64
-64      63
64      -64
64      -64
-64     -65
64       64
-64     -64
64       64
64      -64
-64     -64
-64      64
64       64
64       64
64       64
64       64
64      -64
-64     -64
64      -64
64       64
64       64
-64     -64
64      -63
-64      64
-64     -64
64      -64
-64     -64
-64      64
64       64
-64      64
-63     -64
-64      64
64      -64
-64     -64
64      -64
64      -64
-64      64
-63     -63
64      -64
-64      64
-64      64
64       64
64       65
64      -63
-65     -64
-64     -64
-64     -64
64      -64
64      -64
64      -64
63      -64
-64      64
64      -64
-64     -63
64      -64
64       64
64      -63
64      -64
-64      64
-64     -64
64      -64
64       64
64      -64
64      -64
-64      65
64       64
-64     -63
-64      64
-63     -64
-64      63
-64      64
64       64
-64      64
-64      64
64       64
-64     -64
64       64
64       64
-64      64
63      -63
-64      64
-64      64
-64     -64
-64     -64
64       63
-64      64
-64      64
64      -64
64       64
64      -64
-64      64
64       64
-64      64
-64     -64
-64     -64
-64     -65
-64     -64
64      -65
64      -64
64      -64
64       64
-63     -64
64      -64
64      -64
64       64
65       64
-64      65
-64      64
64      -64
64       64
-64     -64
-64     -64
-64      64
-64     -64
-64      64
-64     -63
64       64
-64     -64
64      -64
-64     -64
64       64
64      -64
-64     -64
-64      64
64       64
63      -63
-64     -64
64       64
64      -64
64       64
-64     -64
-64     -64
-64      64
-65      64
64       64
64       64
64       63
-64     -64
64      -64
64      -64
-64     -64
-64      63
64      -64
64       64
-64      64
-64     -64
-64      64
64      -64
64       63
-64     -64
64      -64
-64     -64
64       64
63      -64
63       64
-64     -64
-64      64
64       64
64      -64
-64     -64
63      -65
-63     -64
64      -63
64       63
-64     -63
-64      64
-64     -64
-64     -65
65      -64
64      -64
64      -64
65      -64
64      -63
64       64
-64     -64
-64      64
-64      64
-64      64
64       64
64      -63
64       64
-64     -64
64       64
64       65
-65      64
-65      64
-63      64
-64     -64
64       64
-64      64
64      -64
64      -64
64      -64
64      -64
63       64
-64      64
-64      64
64       64
64       64
64      -64
64      -64
64      -64
63      -64
-64     -64
-64     -64
64      -64
64      -63
64      -64
-64     -64
64       64
64      -64
64       64
64       64
-64     -64
64       64
-64     -64
64       64
-64     -64
-64      64
-64      64
64      -64
64       64
64       64
-63      64
64       64
-64     -63
-64     -63
64       64
-64     -64
-64     -64
64       64
-64     -64
64      -64
64       64
-64      64
64       64
-64     -64
-63      64
64      -64
64       64
63      -64
-64      63
64       64
64       64
64      -64
-64      64
64      -64
-64     -64
64       64
-64     -64
-63     -64
64       64
-64     -64
-64      63
-64     -64
64       64
64       64
-63      64
64       63
-64     -64
-64     -64
63      -64
64      -64
64      -64
64       64
-64      64
-63      64
-64     -64
-64     -64
-64     -64
-64     -64
-64      64
64      -64
-64      64
-64      64
-64     -64
-64     -64
64      -64
-64      64
64       64
64       64
64       63
-64      64
-64      64
-64     -64
-64      64
-64     -64
-63     -64
64      -64
-64     -63
64       63
-64     -64
-64      63
64      -63
-64      64
64       64
-64     -64
64       64
64       63
64      -64
-64      64
64      -64
64      -64
-64      64
64      -64
64      -64
64       64
64      -64
64       64
64       64
-64      64
63      -64
63       65
-63      64
64       64
-64      64
-64     -64
-64     -64
-64      63
-64     -64
64      -64
-64      64
-64     -64
-64     -64
64       64
64      -63
-64      64
64       63
64       63
-63      64
-64     -64
-64      64
-64      64
-64      64
-63     -64
64       64
-64      64
64       64
-64     -64
-64      64
64       63
-64     -64
-64     -64
64       63
64       64
64      -64
-64      64
-64     -64
-64     -63
64       64
-64      64
65       64
64      -64
-64      64
-64      64
64       64
-64      64
-64      64
64       64
-64      64
64      -64
-64     -64
-63     -64
63      -64
64       64
-64     -64
64       64
64       64
-64      64
64       64
-64     -64
64      -64
64       64
63       64
64      -64
64       64
-64      64
64       64
64       64
64      -63
-64      64
64      -64
-64     -64
64      -64
64       64
64       64
-63     -64
63      -64
-64      64
64       64
-63      65
64       64
64      -64
64      -64
64      -64
-64      64
64       64
-64      64
64      -64
64      -64
64       63
-64      64
-64      64
-64     -64
64       64
-64     -64
64      -64
-64     -64
-64      65
-64      64
65       64
64      -64
-64     -64
-64     -64
-64      64
-64      64
64       64
64       64
64       63
-64     -63
64      -64
64       64
64      -64
-64      64
-64     -64
-64     -64
-64      64
-64     -64
-64      64
-64     -64
-64     -64
-65      64
-64      64
64       64
64       64
64       63
-64      64
-64      64
64       64
64       64
-64     -64
64       63
-64     -64
63      -64
64       64
-64      63
-64      64
64       64
-64     -64
-64      64
64       64
64       64
-64     -64
-64     -64
64       63
64      -64
-64      64
-64     -63
-64      64
64      -63
-64     -63
-64     -64
63      -64
64      -64
64      -64
63      -64
-64      64
64      -63
-64     -64
-64      64
-64      64
64      -64
-64      64
64       64
-64      64
-64     -64
-63     -64
64       64
-64     -64
64       64
-64     -64
64      -64
-64     -64
-64     -64
-63      64
64       64
-63      63
64      -64
64      -64
64      -63
-64     -64
64       64
-64     -64
-64      63
-64     -64
-64      63
63       64
-63      64
64       64
63      -64
63      -64
-64      64
64       64
-64      64
64       64
-63     -64
-64     -64
-64      64
-64     -64
-64      64
-64      64
-64      64
64       64
64       64
64       64
-64      63
-64     -64
-65     -64
63      -64
-64     -64
64       64
64      -64
64      -63
-64     -64
64      -64
-63     -64
64      -64
-64      64
-64      64
64       64
-64      63
64       64
-64     -65
-64      64
64      -64
-64      64
64       64
65       64
64      -64
64       64
-63      64
-65      64
63      -64
64       63
-63     -64
-64     -64
64       64
64       64
-64      64
64      -64
64      -64
64      -64
64       64
65      -63
-64     -64
-64     -64
64       63
-64     -64
-64     -64
-64     -64
-64      63
64       65
-63     -64
64       64
-64     -64
-64     -64
-63     -64
-64     -64
64      -65
-63     -64
-63     -64
-65      64
64       64
-63     -64
-64     -64
64       64
64       63
-64     -64
-63     -64
-64      64
-64      63
64       64
64      -64
64       64
-64      64
-64     -64
-64      64
-64     -64
-64     -64
-64     -64
-65     -64
-64     -64
64      -63
-64     -64
64       64
64      -64
64      -63
-64      63
64       64
64       64
64      -64
64       64
-64      64
-64     -64
-64      64
-64     -65
65      -64
64       64
64       64
-64     -64
64       64
63      -64
64      -64
-64      64
-64     -64
64       64
-64      64
64      -64
-64      64
-64     -64
-64     -64
-64      64
-64     -65
-64     -64
-64      64
-64      64
-64      64
-64     -64
64       64
64      -64
-63     -64
64      -64
-64     -64
63       63
-64      64
-64      64
64       64
-63      64
-64      64
-64      64
64      -64
-63      64
-64     -64
-64      64
63      -64
-64     -64
-64     -64
63       64
64       64
-64      64
-64     -64
64      -64
-64     -64
-64     -63
64      -64
-64     -63
-64     -63
64       64
64       64
64      -63
64      -64
64      -64
-64     -64
-64      64
64      -64
-64      64
64       64
65      -64
-64      64
64       64
-64     -64
-64      64
64       64
64       64
63       64
-64      64
-64      64
-64     -64
-64     -64
64      -64
-65     -64
-64      65
64      -64
64       64
-65     -64
-64     -64
-64     -64
-64     -64
-64      64
-63     -64
63       64
-64     -64
64       64
-64      63
-64      64
64       64
-64      64
64      -64
64       64
63       64
-64      64
-64      64
63       64
-64      64
64      -64
-63     -64
-64      64
-64     -64
-64      64
64       64
64       64
64       64
64       64
63      -64
64       64
-64      64
-64     -64
64       64
-64     -64
-64      64
65      -64
64      -64
64      -64
-64     -64
64       64
64      -63
-63      64
64       64
64      -64
-63      63
-64     -64
-65      64
64      -64
64       64
-64      64
64       64
64       64
-63     -64
-64      63
64       64
-64     -64
64       64
63       64
-64     -64
64      -64
-64      64
64      -64
-64     -64
-64     -64
-64      64
64       64
-64     -64
64      -64
-64      63
64       64
-64      64
-63     -64
-64      63
64       64
-64     -64
-64      64
-64     -64
64      -64
64      -64
-63     -65
-64      64
-64      64
-64      64
-64      64
64       64
65       64
64       64
64      -64
-64     -64
64       64
64      -64
-64      64
64       64
-64     -64
-64     -64
64      -64
64       64
64      -64
64      -64
64       64
-64      64
-64     -63
64       64
64      -64
64      -64
-64     -64
-64      64
64      -64
64      -65
64       64
65       63
-63     -64
64       64
64       64
64       63
64       64
64       64
-64      64
-64     -64
-64      64
64      -64
64      -64
64      -63
-64     -64
-64      64
64       63
64      -64
-64      65
63       63
64       64
-64      64
-64      64
-64      65
-64     -64
64      -64
64      -64
64      -65
64       64
64      -64
64       64
65       64
64       64
-64      64
64      -64
-64     -64
-63      64
63       64
64      -64
-64      64
65       64
64       63
-64     -64
-64      64
-64     -64
-64      64
-64      65
-64      64
64      -64
64       64
-64     -64
64       64
64      -64
63       64
-64      64
64       64
-64      64
-64      64
-64     -64
64      -64
63      -64
-64      64
65       64
64       64
64       64
-64     -64
64      -64
64      -64
-64      64
65      -64
-65      65
-64      64
-64     -64
64      -64
64       64
-64      64
63      -64
-64      63
64      -64
-64      64
-64     -63
64       64
64      -64
64       64
-64      64
-64     -63
64      -64
-63     -64
-64      64
64      -64
63       64
-63     -64
-64     -64
-64     -64
-64     -64
-64      64
64      -64
64      -64
63      -64
64      -64
-63      64
64       64
-64      64
64       64
-64      64
64      -64
-64      64
64      -64
64      -63
64      -64
-64     -64
-64     -63
64      -63
-64     -64
64       64
-64      65
-64     -64
-64      63
64       63
64      -64
-64      64
64      -64
64       64
-64      64
64       64
-64     -64
-64     -64
-64      64
-64      63
-64      64
-63      64
-64     -64
-63      64
63      -64
63       64
-64     -64
64       64
-64     -64
64       64
-64      64
-64      63
64       64
64      -64
-64      64
64      -64
-63      64
64       64
-63      64
-64     -63
-64      64
64       63
65      -64
64      -64
64       64
64       64
-64      64
64       64
64       64
64       64
64      -64
-64     -64
-64     -64
-64     -64
64       64
-63     -64
-64     -64
64       64
64      -64
-64      64
64       64
64       64
-64     -64
64      -64
-64     -64
63      -64
-64      64
-64      64
64       64
64      -64
63       64
-64      64
-64      64
-64     -64
64       63
64       64
64      -64
63       63
-64     -64
64      -64
-64     -65
-63      64
-65      64
63      -63
65      -65
-64      65
-64     -64
64       64
64      -64
-64      63
64       64
64      -64
65      -64
-64      64
-64     -64
-63     -64
-65     -65
63      -64
-64      64
-64      64
63       64
-64      64
-64      64
-64      64
-64     -64
64      -64
64       64
-63      64
63       64
64      -64
64       64
64       64
-64      64
64       64
64       64
64       64
-63     -63
64       64
64      -64
64      -65
-64      64
64       64
-63     -63
64      -64
-64     -64
-64     -64
-64     -64
63      -64
64      -64
64      -64
65       64
64      -64
64       64
64      -63
-64      63
-64      64
64       64
64      -64
64       64
-64     -64
64      -64
-64      64
-64     -64
64      -64
-64      64
-64      63
-64     -63
-64     -64
-64      64
64      -64
64       64
-64     -64
64      -64
64       64
-64      64
64      -64
64      -64
-64     -64
64      -64
64      -64
-64      64
64      -64
-63     -64
64      -64
-64      64
64      -64
-64      64
64      -64
-63      64
63      -64
64      -64
64       64
64      -64
63       64
-64      64
64       63
64      -63
64      -64
-64     -64
-64     -64
-64      64
64      -64
-63      64
-64     -64
-64     -64
64      -64
-64     -64
64       64
-64      64
64      -64
64      -64
-64     -64
-64      64
64      -64
64      -64
-64     -64
-64      64
-64      64
-64      64
64       64
-64      64
-64     -63
-64      64
64       64
64       64
-64     -64
-64      64
-64     -64
-64     -64
-64      64
-64     -64
64       64
64       64
-64     -64
-64     -64
-64      64
-64     -64
64       64
-63     -64
-64      64
-64      64
64      -64
63      -64
-64      64
64      -64
-64     -63
64       63
64       64
64       64
64       64
-64      64
-64      64
-64     -63
64       64
-64     -64
64       64
65       64
-64      64
-64      64
63       64
-63      64
64       64
-64      64
64       64
64       64
-63      64
64      -64
64      -63
-64     -64
63      -64
-64     -64
-64      64
63      -64
64       64
64       64
-64      64
-64      64
-64     -64
63       63
63       64
-63     -63
63      -63
-64      64
64       64
-64      64
63       63
64      -64
63       64
-63     -64
-64     -64
-63     -64
-64     -64
64       64
-64      64
64      -64
-64      64
-64     -64
64      -64
64       64
-64     -64
-64     -64
64       64
64      -64
-64     -64
-64      64
64      -65
64      -64
64      -64
64      -64
-64     -64
-63     -64
-64      64
64       64
-64     -64
-64      64
-64     -64
64      -64
64       64
64      -64
-64     -64
64       64
-64     -63
64       63
64      -64
-64     -64
-64     -64
64      -64
-64     -64
64       64
64       64
64      -65
-64     -64
-64     -63
64       64
-64     -64
64      -64
-64     -63
-64     -65
65      -64
-65     -64
-64      64
-64      63
64      -63
-64     -64
-64     -64
-63     -64
64       64
63       64
-63      64
-64     -64
63       63
-64      64
64       64
64       64
-64     -64
-65      64
-64      64
-64     -64
-64     -64
64      -65
-64      64
64      -65
64       64
64      -64
65       63
-64      64
64      -64
-64     -64
64      -64
64       64
-64      64
-64      64
-64      64
64      -64
65       64
-63     -64
64      -65
64       64
-64     -64
-64      64
-64      64
-64      64
64       64
-64     -64
64       64
-64      64
-64      64
65      -64
64       64
-64     -64
63      -64
65      -64
-63      64
-64      64
64      -64
64      -64
64      -64
64      -64
-64      64
-64      63
-64     -64
-65      64
64      -64
-64     -64
-64     -64
-64     -64
64      -64
-64     -64
64       64
-64     -63
-65      63
65       64
-63     -63
64      -64
-64     -64
-64      64
-64      64
-64      64
-64      64
-64      64
-65      64
64       64
-64     -64
-64     -64
64      -64
65       63
64       64
64      -63
-64     -64
63       64
-64     -64
-64     -64
-64     -64
64       64
64      -64
64      -64
65       64
-64      64
-64      64
64       64
64       65
-64     -64
64      -64
-64     -63
63       64
-64      64
-64      64
-63      64
64      -64
64       64
-64      64
-64      64
64       64
-64      64
64      -64
64       64
-64      64
-64     -64
64      -64
-64      63
64      -64
-64     -64
64       64
64      -64
64      -64
64       64
-64     -64
64       64
-64     -64
63      -64
-64     -64
64       64
64       64
64      -64
64      -64
-64     -64
63      -64
-64      64
64      -64
-64      63
-64     -63
64       64
64      -64
-63      64
64      -64
-65      64
-64     -63
63      -64
64       64
-64     -64
-64      64
64      -64
-64     -64
64      -64
-64     -65
64       64
64      -64
-64      64
64       64
64      -65
64      -64
-64     -64
64      -64
64       64
64       64
64      -64
-64      64
-64      64
-64      64
-64     -64
65      -64
-63      64
64       63
64      -64
64       64
-64      64
64      -64
-64      63
-64     -64
64       64
-64      63
63      -64
-64     -64
-64      64
64       65
64       64
-64     -64
64       64
64      -64
-64      64
63       64
64       64
64       64
-64      63
-65     -64
64       64
-64      64
-64     -65
64      -64
-65     -64
-64     -65
-64     -64
-64     -64
-64      64
64      -64
-63      65
64       64
-64      64
-64     -64
-63     -64
64      -64
64      -64
64      -64
64       65
64       64
64       64
64       64
-64      64
-64      64
-64      64
64       64
64      -64
-64      64
64      -64
-63      64
-64     -64
-64      64
-64      64
-64     -64
-64      64
-64      64
-63      64
64      -64
-65      64
-64      64
64       64
64      -64
64      -64
-64     -64
-65      64
64       64
-64      65
-64     -64
64       64
64      -64
63      -63
-64      64
64      -64
-64     -64
64       64
64      -64
-64     -63
64       64
-64     -64
-64      64
-64     -64
64      -64
-64      64
-64      65
-64     -63
-64      64
65       63
64      -64
-64      64
65       63
-63      64
64       63
-63      63
63      -64
64      -63
64       64
-64      63
63      -64
-64     -64
64      -64
64      -64
-65     -63
64      -64
-64      64
63       64
-64     -64
65       65
64       63
-64      64
-64      63
64      -64
-64      65
-64     -63
-63      65
64      -64
64      -64
64       64
-63     -64
64       65
64       64
-63      65
64       64
64      -64
-64      64
64      -64
-65     -63
64      -64
63       64
64       64
-64     -64
64       64
63      -64
-64     -64
65      -63
64       64
-64      64
63      -64
-64      64
64       63
64      -64
-64     -63
64       64
-64     -64
-64     -63
65      -63
64       64
-64      64
-64      64
-64     -64
-63      64
-63     -64
64       64
-64     -64
-64      63
64       64
-63      64
64       64
64       64
-64     -64
-64     -64
-64      64
64       64
64      -64
64      -64
-63     -64
64      -65
-64     -64
64      -64
-64     -64
-64      64
64      -64
64       64
